154336
152154
136432
48262
132980
139586
152088
144436
119978
152088
142310
124722
119742
144056
124676
120342
128228
121216
125200
145916
128228
127658
147248
150696
131486
132634
150696
130656
126552
129944
129798
134652
126552
50490
53550
85700
85700
84054
85094
88716
88716
89548
91286
91488
92444
94140
94476
181692
183184
201624
177928
201554
209664
211208
179620
209462
209394
208482
207750
176702
177040
211402
181220
211280
182630
179278
183982
187010
185530
190808
190808
201806
222434
202818
204628
204628
204662
222400
206204
191482
207006
208384
208604
223500
227216
227618
223500
223500
199042
230984
199042
223500
221374
111446
218048
111858
217590
222994
235690
228506
232770
232770
231904
231904
212288
200856
214036
231774
215644
200856
200856
198036
198784
203706
204812
204812
204762
209710
213438
